+917428730894
+447308892741
+18156551100
+13802098869
+917428723247
+306989188088
+4366565972874
+4368110897595
+48781993899
+4915210947617
+19707840507
+393509658675
+31616616718
+352691730621
+46700098129
+12264074794
+31610209888
+35796514049
+32467793778
+33753303647
+447988533423
+358465632684
+31651722583
+17318596065
+421944801741
+447460102365
+36308317589
+13473929868
+33671594421
+34690124664
+4915511267525
+420705989861
+31651474087
+4571878116
+14482499139
+3197010518984
+447598328056
+34628152325
+3197010518999
+447311123152
+34639710702
+15067486316
+15168168045
+31651889518
+447988502969
+2348153353131
+16465180948
+3197010518997
+998938885805
+447450677345
+33672610425
+13802603245
+4915211094215
+3584573998784
+919876543210
+358465925880
+17404619556
+573213257557
+46760600804
+12266416999
+447481744150
+447538299689
+4915210899596
+447481735355
+31651716296
+3584573998785
+447988535061
+4791295276
+447915930873
+447886085238
+559551583801
+447481780736
+17823585913
+18076960344
+447475355392
+447475352330
+15182610312
+34676784008
+447988533408
+18585216321
+393511313798
+3584573998793
+36207730559
+421940112467
+447985618978
+14387985602
+19492649628
+447311191855
+13155544541
+385955391220
+61468279944
+447735648260
+13412091143
+15305726696
+13089290273
+33773460562
+41782011403
+447311188116
+3197010518987
+4740991886
+447403405396
+447884641162
+16313714778
+12013343873
+447915936990
+4571811483
+14387985595
+61444169817
+353899682165
+447476990864
+15597455839
+18076957610
+61485906541
+34683466361
+16032024665
+17759865200
+447898191216
+351911813721
+17015168317
+447450699227
+18312210562
+447481735351
+447456386055
+32467872030
+36209149969
+447481739618
+32466151729
+17792559178
+12013899402
+19032945006
+447931082241
+12016458590
+447481780658
+38671809220
+4915511279254
+18323245843
+31653682942
+34696845618
+447481781004
+447481741120
+447481779671
+447481708840
+447403405203
+447367211583
+18134456264
+19565564713
+447481708454
+60123456789
+12267982657
+447308365664
+447481779514
+34699305583
+447311188716
+447428303957
+447481730220
+18735860457
+13139989071
+916016735440
+12267738234
+447445262427
+393512743616
+12013477687
+36702699156
+447456391663
+447481726197
+31620268917
+14588884817
+12017200832
+447456378761
+12178860116
+12266416844
+16073233248
+358454907961
+85255022811
+447367524129
+18622354954
+447474737284
+4745541317
+18327790680
+16125626619
+447304250183
+447481748013
+447481916733
+447949338055
+447893927242
+447311188776
+447414192576
+447481780712
+447481746940
+447474740099
+12817567204
+15312068942
+447915930453
+821018442761
+18334862979
+447481734779
+447475752936
+12762411981
+15572046048
+447481745130
+447481724711
+12267020072
+3584573998787
+447915939092
+447311189639
+447450935511
+447742261557
+447456375137
+447984854063
+447481750235
+19707840311
+32468797496
+447456894700
+13859550088
+447481735793
+33774905468
+447456896790
+447474716346
+447456894069
+447454430600
+447447273461
+12319049862
+3584573998788
+447454429115
+447481776239
+447480765032
+522222246512
+447450695681
+4797364279
+447481708597
+13253974850
+3197010518992
+12192958005
+447538299682
+447886032861
+33752989028
+3197010518994
+447481715995
+447460112522
+14314854523
+16693084495
+36707268683
+447481736567
+16142073008
+447481749321
+34699108839
+447460109378
+5584919023701
+18733965851
+15703929888
+3584573998024
+15733061163
+19082996886
+447456366516
+447481711068
+447481776207
+447456894885
+916824069952
+16143752923
+447481749680
+447450927956
+16812230570
+447700389248
+31620185296
+447311189898
+447403403745
+447915941744
+447383911644
+17162987749
+447450925117
+3197010518985
+447460108321
+447481749737
+15417083275
+19363043520
+447460120596
+16154342513
+447460111367
+447481737208
+447403396683
+64225069685
+447475770217
+447481743991
+447898142101
+447886029333
+447450921462
+447915940869
+3197010518996
+447454447071
+919652770027
+447481731834
+447454423316
+19298364242
+46720281187
+447460117121
+447898141893
+447456372420
+13089290262
+447474735726
+447735645267
+32468797497
+14052672926
+4368054008131
+12133949174
+447481740890
+447481700035
+15856050053
+447474730538
+447886035671
+447520635797
+34681326502
+447456897443
+447481779330
+447915938681
+3584573997773
+447480763723
+447450923291
+12676032777
+3197010518988
+3197058049149
+447898150441
+447403406010
+447450927117
+447490970343
+447480771395
+447898166359
+447480764833
+421947139300
+3584573998791
+447380225727
+48793162745
+447311124627
+447456376824
+447460102926
+447481740824
+3584573998786
+447481749327
+447490946100
+447311197844
+38665718188
+17072214934
+447481750248
+447475753456
+447380238337
+447481726742
+13607834436
+306989179505
+642108193638
+447380226685
+3584573997955
+12097035625
+3197010580467
+38665718186
+447598328057
+3197010518995
+447456898684
+447481747912
+919826409884
+447915937019
+447481776103
+447456371982
+447456896664
+447735634910
+447481748995
+447456382088
+447450695376
+447481729607
+447456395329
+447481748118
+447481709218
+16196253100
+19167969168
+12262102496
+17077190993
+447480764027
+447450922403
+12052276053
+447898158754
+447481736219
+358454906452
+447700389249
+85254909693
+447447282421
+12566266652
+447456372381
+447863793722
+447454445741
+447454423509
+447481734902
+447454428744
+4571383439
+919447179021
+447456892681
+447454425248
+447460112701
+447403776335
+447481735066
+12267862599
+447481736020
+447454424963
+447475776856
+447460115644
+12076142935
+447481705123
+447735631159
+447454424509
+447475770347
+447456897353
+447915941717
+447454427740
+5575978785020
+3584573998795
+447481709698
+19783513538
+46720430298
+447456390403
+447456897825
+12392497958
+5569930319216
+447481747723
+31651203610
+447481714605
+447456394611
+447444232296
+37254506584
+447481750216
+447886030671
+16073013286
+3197058046903
+447490958563
+3584573995103
+447450695584
+447480764911
+447490955882
+447915940410
+447480735562
+447474756499
+447481724957
+447481779422
+3584573995975
+447311198256
+447450940027
+447481723664
+447403478350
+447380203892
+447481710423
+447456388799
+447481740246
+15316257890
+306974913102
+4915210229762
+447429913941
+447481708496
+31630826396
+447915929766
+48573583400
+12293031860
+12264074769
+18076964585
+447456398405
+447360278144
+447380202725
+447456387744
+18152341124
+447455913644
+12363049627
+13373768664
+447454443957
+447481726011
+4368181302102
+447462114124
+447915937264
+447403393591
+918178190435
+16203221059
+447450949154
+447454422450
+17062181644
+447454428327
+447893927243
+447311198142
+447456396878
+447311194388
+447481702806
+447481722715
+3584573998798
+447456381540
+447449730431
+447454423379
+16145308929
+447450661260
+447481749406
+12155014450
+12543578760
+17696026117
+3197010518993
+447481751868
+447428035793
+447456897167
+447456895368
+32463001600
+46726415910
+447456898167
+19795729783
+3584573995982
+447460104495
+12264074834
+447474727902
+447450923168
+447414169008
+447454424958
+447456897993
+3584573997993
+447475768715
+12266416841
+12266416714
+447915932235
+447893927247
+18156208034
+447403403355
+447481736213
+447481701856
+18733964507
+14194058820
+447474744942
+447456897690
+447474718992
+447784022166
+34676036154
+4915171415970
+33794082639
+15155160624
+447456367051
+447481724440
+16197160144
+447450604958
+3584573995999
+3197058048256
+447481780586
+3584573998789
+13185456266
+447456898044
+919838706902
+447454462218
+447735622448
+447481749214
+3584573998794
+18076965379
+447456897371
+447450696954
+3584573998792
+447481746976
+447454424493
+447460109548
+48783374208
+447454445509
+48573583871
+15073085549
+447455983103
+447898167032
+447450699163
+17277553125
+447450690963
+447449718444
+447454425688
+447481748993
+447450940594
+447456376985
+3584573998790
+3197058046010
+447460118739
+3197010518986
+393509858883
+447454426837
+447480765105
+17243748910
+447915941470
+3197010518990
+447456895093
+19312993861
+447481781148
+447915940528
+447460113519
+13147225482
+821011581908
+447865031019
+4915210229362
+12045151771
+16572911188
+447481738567
+447481702135
+3197058046189
+447456379678
+821040328914
+13047457425
+17133745074
+13314819888
+447454424861
+919652770000
+41783482096
+353899740960
+447475754671
+447481746618
+447735640825
+447735630916
+17404630034
+17873375275
+447481723888
+447474742154
+447481742155
+447735636872
+15074796888
+32463001399
+3584573998796
+447480749423
+447865096824
+447490316606
+447450946351
+8618470552326
+447450949590
+447481750231
+447723476354
+16465105581
+12162792943
+447498579857
+447480765130
+447311122923
+447456378629
+447481778785
+447915932943
+38665719061
+12267738290
+3197010518998
+15512418459
+12266416360
+12722194467
+447454466811
+14403327606
+447481708752
+447480729750
+14013444007
+447454427108
+447490973686
+38665719065
+447481743260
+18734085595
+12792018543
+19707840508
+12267020104
+12819688218
+18733966216
+447454430652
+12155945135
+447454425910
+14315380162
+447481738578
+447450934769
+447481730478
+919652770166
+447481778812
+447475760710
+447480764514
+17402393967
+447898192861
+32468797439
+447311125156
+447311124291
+447481736670
+3197058049305
+818059845961
+4915511205844
+919652770045
+14133248551
+3197010518989
+17652399487
+447380239706
+3584573998799
+447481735520
+447456381209
+447456897646
+916269700845
+12267020130
+919123455678
+3584573999453
+15072047475
+447915928672
+447480762417
+447735079541
+18582835158
+447481708182
+3197010526240
+34631152400
+447481738613
+12264074765
+447403398195
+447311196453
+447723546429
+14316000685
+19707424468
+447481708773
+3584573998499
+351916385611
+18574102037
+447456375478
+38665718270
+447898145204
+447456397837
+447480763905
+447481723180
+393284824101
+447311121941
+447480746199
+447450519613
+19709219555
+447481711481
+3584573994556
+421940252326
+447474724313
+3584573997796
+447311198973
+543812133255
+16506671441
+12133571151
+447735061231
+447481780397
+447898186539
+46726406932
+12363049859
+447311180073
+18326455622
+18254022996
+447481716009
+13089290397
+447450682604
+12265460431
+84315347416
+447403481557
+447481735279
+447454426434
+447456897637
+306975686278
+3197058046902
+447456893778
+38665718144
+918881042340
+447380200395
+12813524309
+447429211339
+447403403398
+447311160532
+447481735060
+447311172291
+32465704656
+447454425366
+447923432061
+15072328756
+447454468314
+19163850525
+447481776281
+17084260263
+447735635808
+447915932141
+447898146112
+491771789261
+628185789884
+447454429751
+16073011098
+16452087258
+447311124309
+447350592779
+12606398666
+447456891713
+385915982071
+447481712957
+447450941858
+447440450089
+19209569812
+12264074756
+14315380363
+12267738250
+3197010587056
+447456379903
+46726406961
+46762669011
+16467963610
+447450937916
+4915511209323
+12363049955
+447311191638
+17813837947
+447460112681
+3197010290743
+541155970925
+13658205969
+447454428358
+12013655680
+447351845245
+447723505654
+447456374813
+12266861517
+447311163998
+447450661750
+447863793887
+447481738214
+447915933382
+12494881412
+447474725660
+447311124922
+447403401319
+447311122633
+447456892627
+447456379754
+61468231118
+447380205912
+447456368729
+385917370284
+447380203946
+18707291168
+447915930335
+447898180210
+447450900063
+447447279950
+447735646769
+5573958719009
+4531856127
+447454463477
+447427174254
+16146491554
+3197058046241
+447735643681
+447311194205
+19398930391
+522292573650
+61468207913
+917454339242
+447915933464
+447311198487
+447490953415
+447899932714
+447454424881
+447481735093
+17828195551
+919090301842
+447460103193
+17016451136
+919090711863
+12267738473
+447490958231
+447350598369
+14086343220
+447481712608
+447475773814
+46700647196
+33757052439
+18388669273
+447456899533
+33644629452
+447311124757
+421940746109
+447735641864
+447827472163
+12818921225
+447915932022
+306978209848
+18703843290
+821010814854
+31635136600
+447481739291
+31612440360
+918881165329
+447454424125
+447450936904
+18708910744
+19297829204
+447456381139
+33774161555
+447481747560
+447480763878
+447460112388
+998992732926
+13135243034
+447450940881
+447481742614
+447454434739
+447735064267
+447456897827
+12075608324
+15187341717
+447474997832
+18733966126
+13609950800
+447311198831
+447481728392
+447898151489
+447311159408
+447474719656
+447456361225
+18733965885
+447311122845
+359884823957
+46731299509
+447481734078
+3197058049224
+16203740182
+447456397583
+18076963290
+628125695455
+522224458991
+447490957069
+2347010572318
+12027358999
+447456896276
+447311199479
+3584573998220
+447311196803
+5511961007525
+38665718194
+4520383362
+821069084533
+3197010587025
+12266416840
+548003451497
+18323508033
+447429943813
+61437557516
+46726409216
+41755733100
+12266416869
+15025414774
+19492883523
+447886034030
+3197010518883
+12156695708
+12018577757
+14092410284
+16465190037
+4917647872534
+351923224440
+817098120322
+3584573998201
+16135787106
+447453235188
+387644460602
+601117000917
+3584573998223
+4571399326
+353899459114
+12696667819
+447735610143
+36701676901
+447474735848
+447700389087
+447454424684
+447481777890
+38665719079
+447454429513
+3197010580478
+48573583709
+447456899288
+642109137931
+15415805923
+17745160114
+447456897468
+447721288027
+12175285111
+33672629209
+3197010536554
+447481736695
+821033389458
+14043833639
+642108031259
+18586413047
+17734175888
+447380201708
+13073933439
+447917327980
+447456899483
+447305097798
+13658205972
+447456892551
+447898162232
+3197010290700
+447413359214
+447898166172
+447460115499
+48573583799
+447403395758
+33757130015
+15127630888
+61488827343
+48573583793
+447456366547
+447456783237
+18586440013
+34742213079
+18025132571
+447450619078
+17652694135
+447481741471
+16825039666
